{
	"metadata": {
		"version": 4.7,
		"type": "Object",
		"generator": "Object3D.toJSON"
	},
	"object": {
		"uuid": "c652ed40-7258-4373-b383-d66c4d911f92",
		"type": "Bone",
		"name": "Hips",
		"userData": {
			"name": "Hips"
		},
		"layers": 1,
		"matrix": [0.9796845753149979,-0.013290561095560519,-0.2001037047371749,0,0.017276770658032445,0.9996853126100316,0.018187603701997766,0,0.19979899916928967,-0.02127525944001488,0.9796058401397323,0,-0.00181127514,-0.0000321623156,0.000482868403,1],
		"up": [0,1,0],
		"children": [
			{
				"uuid": "1fae7935-41d3-4a44-adad-70b7001b9bf3",
				"type": "Bone",
				"name": "Spine",
				"userData": {
					"name": "Spine"
				},
				"layers": 1,
				"matrix": [0.9742429105745393,0.01988008735515458,0.22462282870754466,0,-0.01723149314771733,0.9997567984578257,-0.013745675640326886,0,-0.2248415188260891,0.009521042728051205,0.9743487686677206,0,-0.000490674109,0.114484884,-0.00125830632,1],
				"up": [0,1,0],
				"children": [
					{
						"uuid": "69111c8f-2706-4aa7-b3fb-396efaa83d49",
						"type": "Bone",
						"name": "Spine1",
						"userData": {
							"name": "Spine1"
						},
						"layers": 1,
						"matrix": [0.9996625844337282,0.0010578971606107802,0.02595145801998377,0,-0.0017446541164067605,0.99964842848035,0.0264547851398895,0,-0.025914349341233964,-0.026491136789144873,0.9993130371630935,0,-0.00112637598,0.131523713,0.0000117996606,1],
						"up": [0,1,0],
						"children": [
							{
								"uuid": "a743a5ad-4762-4280-9b05-46e1650dcdf0",
								"type": "Bone",
								"name": "Spine2",
								"userData": {
									"name": "Spine2"
								},
								"layers": 1,
								"matrix": [0.9987918616412342,-0.004346866441801683,-0.048946927164614164,0,0.005291636607976448,0.9998018123548298,0.01918891769842048,0,0.04885382068102264,-0.019424746532278395,0.9986170353076463,0,-0.000267655967,0.15261963,0.00075250899,1],
								"up": [0,1,0],
								"children": [
									{
										"uuid": "9ceca2cd-3ca2-47bd-b9a6-47ce74a75751",
										"type": "Bone",
										"name": "Neck",
										"userData": {
											"name": "Neck"
										},
										"layers": 1,
										"matrix": [0.9979314492716256,0.002046606122129314,0.06425444810556807,0,-0.0057135084272176544,0.9983613805318028,0.05693671748204696,0,-0.06403263633105458,-0.05718606274689047,0.9963079724502045,0,0.000286052586,0.171663731,-0.000510688755,1],
										"up": [0,1,0],
										"children": [
											{
												"uuid": "a3185be5-778c-4558-bdc4-5954cd42e12d",
												"type": "Bone",
												"name": "Head",
												"userData": {
													"name": "Head"
												},
												"layers": 1,
												"matrix": [0.9995806675268425,-0.0010553427896966422,-0.028935365773797257,0,-0.0002005970791378552,0.999058975800047,-0.04336778425409878,0,0.02895390995477928,0.043355410844854614,0.998640004986767,0,0.00159689516,0.054553967,0.0211012103,1],
												"up": [0,1,0],
												"children": [
													{
														"uuid": "8e00a838-e30d-40f8-9f2c-7070f73d4e7b",
														"type": "Bone",
														"name": "Head_end",
														"userData": {
															"name": "Head_end"
														},
														"layers": 1,
														"matrix": [0.99999994,-2.8521756089368145e-9,-4.3801266831950335e-9,0,2.8521753493931598e-9,0.9999998209999997,1.823355006994751e-8,0,4.380126372762249e-9,-1.8233551176453598e-8,0.9999998809999998,0,-3.49245965e-10,0.256881356,8.14907253e-10,1],
														"up": [0,1,0]
													}]
											}]
									},
									{
										"uuid": "48e8d8ed-d5db-49a6-97ff-252d33253bfc",
										"type": "Bone",
										"name": "LeftShoulder",
										"userData": {
											"name": "LeftShoulder"
										},
										"layers": 1,
										"matrix": [0.30726563600864676,0.9392742639016051,-0.15281336689795733,0,0.9497400600463896,-0.31277692848388033,-0.0128315806010313,0,-0.05984885115182402,-0.1411902302330166,-0.9881717011933415,0,0.0729477257,0.151762962,-0.00174778339,1],
										"up": [0,1,0],
										"children": [
											{
												"uuid": "578e5eba-96fb-448d-8b81-0d16af963830",
												"type": "Bone",
												"name": "LeftArm",
												"userData": {
													"name": "LeftArm"
												},
												"layers": 1,
												"matrix": [0.9964004480350573,-0.07369191145982856,-0.04189763089018632,0,0.07370627099810191,0.9972791475182107,-0.0012040106518094078,0,0.04187236444682657,-0.0018884415511470876,0.9991210641942702,0,-0.000301457825,0.148210123,-0.000591496937,1],
												"up": [0,1,0],
												"children": [
													{
														"uuid": "c5c44a97-5262-434f-80cd-965878a6f0cc",
														"type": "Bone",
														"name": "LeftForeArm",
														"userData": {
															"name": "LeftForeArm"
														},
														"layers": 1,
														"matrix": [0.9551326752120233,-0.2955507416210106,-0.01926997495619051,0,0.2775726438018812,0.9159320577184791,-0.28986530178451064,0,0.10331990506371816,0.27151103584465425,0.9568735520929027,0,-0.000120148325,0.190542623,0.000327160582,1],
														"up": [0,1,0],
														"children": [
															{
																"uuid": "c21b2255-71b4-4730-becb-319a5b83327b",
																"type": "Bone",
																"name": "LeftHand",
																"userData": {
																	"name": "LeftHand"
																},
																"layers": 1,
																"matrix": [0.9999598255500352,0.008741286311354858,0.0019842376054347156,0,-0.008749807146384889,0.9999522967266606,0.004327256077613299,0,-0.001946317282941603,-0.004344444189675241,0.9999886687625624,0,0.000586335897,0.140797481,0.000169973355,1],
																"up": [0,1,0],
																"children": [
																	{
																		"uuid": "5e726eb0-4120-4892-9318-979bdb8dcb73",
																		"type": "Bone",
																		"name": "LeftHand_end",
																		"userData": {
																			"name": "LeftHand_end"
																		},
																		"layers": 1,
																		"matrix": [0.99999994,3.259629268765818e-9,-4.656612836552195e-10,0,-3.259629260078647e-9,0.9999999399999998,1.8655555981425516e-8,0,4.656613169913985e-10,-1.8655554879229767e-8,0.9999998809999998,0,4.71482053e-8,0.140385047,5.58793545e-9,1],
																		"up": [0,1,0]
																	}]
															}]
													}]
											}]
									},
									{
										"uuid": "ba47f3a1-3235-42d7-8957-31ffba61d649",
										"type": "Bone",
										"name": "RightShoulder",
										"userData": {
											"name": "RightShoulder"
										},
										"layers": 1,
										"matrix": [0.33391051624809076,-0.9275033552478339,0.16805269883047413,0,-0.9411801030791438,-0.3378649274336073,0.005349459645559635,0,0.051817431870711445,-0.1599539510603159,-0.9857634086389522,0,-0.0746279508,0.150197387,-0.000140159551,1],
										"up": [0,1,0],
										"children": [
											{
												"uuid": "57dd5f17-05ad-4e58-8557-d62d7603c511",
												"type": "Bone",
												"name": "RightArm",
												"userData": {
													"name": "RightArm"
												},
												"layers": 1,
												"matrix": [0.9931829669026904,0.10734615863216647,0.045435639075207014,0,-0.10869586945899744,0.993670678277103,0.028351223136181925,0,-0.04210466760119728,-0.03309661791909777,0.9985648757193901,0,0.00143215246,0.153133795,-0.000204671174,1],
												"up": [0,1,0],
												"children": [
													{
														"uuid": "60be1214-1676-490f-9014-d1947eac8f46",
														"type": "Bone",
														"name": "RightForeArm",
														"userData": {
															"name": "RightForeArm"
														},
														"layers": 1,
														"matrix": [0.9582257635991674,0.2813326692769991,0.05153207836360178,0,-0.27704524774929906,0.9577545064719379,-0.07715073531471522,0,-0.07106009407295044,0.059651097668726664,0.9956868029505286,0,0.000340557366,0.181318849,0.000985435443,1],
														"up": [0,1,0],
														"children": [
															{
																"uuid": "cae91ac8-c5e4-440e-8771-dd62c87c8fe4",
																"type": "Bone",
																"name": "RightHand",
																"userData": {
																	"name": "RightHand"
																},
																"layers": 1,
																"matrix": [0.9999956229106737,-0.0029582057042791153,0.000056379137671952035,0,0.0029583402928461512,0.9999923500420869,-0.0025589216859566674,0,-0.000048808889734097166,0.0025590772740007035,0.9999967243652723,0,0.000303475827,0.145926893,0.000718453084,1],
																"up": [0,1,0],
																"children": [
																	{
																		"uuid": "8a33a96f-f785-438d-9ae0-99ebc93dc448",
																		"type": "Bone",
																		"name": "RightHand_end",
																		"userData": {
																			"name": "RightHand_end"
																		},
																		"layers": 1,
																		"matrix": [0.9999999999999994,2.4130029609327885e-8,2.254091659001451e-8,0,-2.4130032486275668e-8,1.0000001199999995,-8.276405492733464e-10,0,-2.254091660998549e-8,8.276399060435076e-10,0.9999999999999998,0,1.9568688e-8,0.149591893,-8.5492502e-11,1],
																		"up": [0,1,0]
																	}]
															}]
													}]
											}]
									}]
							}]
					}]
			},
			{
				"uuid": "867652a8-7727-4723-87e5-714faf82c0f4",
				"type": "Bone",
				"name": "LeftUpLeg",
				"userData": {
					"name": "LeftUpLeg"
				},
				"layers": 1,
				"matrix": [-0.5018694025745682,-0.03919910608105973,-0.8640558951119139,0,0.1385475162646712,-0.9897167583098424,-0.03557263135026247,0,-0.8537753344910286,-0.13756548194047408,0.5021388935835289,0,0.0993264019,-0.0600051619,0.0211163051,1],
				"up": [0,1,0],
				"children": [
					{
						"uuid": "49ff5e08-4c7c-43ec-967a-74b8e512215f",
						"type": "Bone",
						"name": "LeftLeg",
						"userData": {
							"name": "LeftLeg"
						},
						"layers": 1,
						"matrix": [0.9845900375843152,-0.11188534364987462,0.13440196669782717,0,0.12215941146534526,0.9899837851211906,-0.07077473181572785,0,-0.12513711970170832,0.0861025667301675,0.9883960797355071,0,-0.000158159062,0.415705085,-0.000270737335,1],
						"up": [0,1,0],
						"children": [
							{
								"uuid": "7be3f066-5998-430b-8dd7-ca5e39faedaa",
								"type": "Bone",
								"name": "LeftFoot",
								"userData": {
									"name": "LeftFoot"
								},
								"layers": 1,
								"matrix": [0.556335181404391,0.8309423699085843,-0.005091974834200902,0,-0.7052359329256961,0.47539491434337355,0.5259676186453482,0,0.4394694597482501,-0.28902322539825265,0.8504892967386272,0,0.00122788548,0.408340335,0.000246265903,1],
								"up": [0,1,0],
								"children": [
									{
										"uuid": "ce0b4ea4-edcc-4870-b700-1830f99c0843",
										"type": "Bone",
										"name": "LeftToeBase",
										"userData": {
											"name": "LeftToeBase"
										},
										"layers": 1,
										"matrix": [0.8017007165785519,0.5792600974918418,0.1474236067610693,0,-0.5963601568484211,0.7918208942817628,0.13181143730858771,0,-0.04037999133762895,-0.19359088598219484,0.9802510020858104,0,-0.000599311665,0.192069843,-0.000829960685,1],
										"up": [0,1,0],
										"children": [
											{
												"uuid": "a73c8ec6-bee0-4622-999d-f6c87f559866",
												"type": "Bone",
												"name": "LeftToeBase_end",
												"userData": {
													"name": "LeftToeBase_end"
												},
												"layers": 1,
												"matrix": [0.9999999399999939,2.1420420106178975e-8,1.0803342659728456e-7,0,-2.1420422923370288e-8,0.9999999399999995,2.607703107831714e-8,0,-1.0803342603870351e-7,-2.6077033392438805e-8,0.9999999399999938,0,-2.28174031e-8,0.0802157521,-5.58793545e-8,1],
												"up": [0,1,0]
											}]
									}]
							}]
					}]
			},
			{
				"uuid": "f7826019-d41b-497d-933f-218eb67fe7ec",
				"type": "Bone",
				"name": "RightUpLeg",
				"userData": {
					"name": "RightUpLeg"
				},
				"layers": 1,
				"matrix": [-0.7943789280312498,0.013402497928466331,0.607303683921508,0,-0.07684356545074479,-0.9939416156347082,-0.07857948888506827,0,0.6025718691034734,-0.10908938165391903,0.7905971292820866,0,-0.0943909138,-0.0630782619,-0.0181773379,1],
				"up": [0,1,0],
				"children": [
					{
						"uuid": "9efac9ee-9e54-4091-b92c-0b22211f3903",
						"type": "Bone",
						"name": "RightLeg",
						"userData": {
							"name": "RightLeg"
						},
						"layers": 1,
						"matrix": [0.8842382346658745,0.11881460801221137,-0.45166992907897413,0,-0.15465524572881542,0.9870267227395907,-0.04312638243121928,0,0.4406862990658884,0.10798712985951146,0.8911421752265074,0,0.000162008218,0.414646268,0.000113891438,1],
						"up": [0,1,0],
						"children": [
							{
								"uuid": "597d472e-2836-4537-b309-0cbf33ea966d",
								"type": "Bone",
								"name": "RightFoot",
								"userData": {
									"name": "RightFoot"
								},
								"layers": 1,
								"matrix": [0.4532264757943612,-0.8601578379934454,0.23391032847547286,0,0.53741283252462,0.473026566923705,0.6981640924088338,0,-0.7111772745532023,-0.19072009565506193,0.6766481683239975,0,-0.000312536955,0.410382748,-0.000617017969,1],
								"up": [0,1,0],
								"children": [
									{
										"uuid": "d17b61c5-1404-4e68-9beb-24f179109445",
										"type": "Bone",
										"name": "RightToeBase",
										"userData": {
											"name": "RightToeBase"
										},
										"layers": 1,
										"matrix": [0.7883065167578458,-0.5898415190320112,-0.1750991121574719,0,0.6069026206285707,0.7922273695566823,0.06360224049430264,0,0.10120305492204931,-0.156406151708898,0.9824942429683814,0,-0.000182506628,0.188115686,-0.00030399533,1],
										"up": [0,1,0],
										"children": [
											{
												"uuid": "582d1d21-aa60-4192-9b84-757f57ffeb3f",
												"type": "Bone",
												"name": "RightToeBase_end",
												"userData": {
													"name": "RightToeBase_end"
												},
												"layers": 1,
												"matrix": [0.9999999399999406,1.1175855080712048e-8,-3.445893618736772e-7,0,-1.1175888278805744e-8,0.9999998809999951,-9.825453218216575e-8,0,3.445893404448235e-7,9.825453603325237e-8,0.9999998809999359,0,3.02679837e-8,0.0795866176,1.86264515e-8,1],
												"up": [0,1,0]
											}]
									}]
							}]
					}]
			}]
	}
}